warning: The `fitz` API is deprecated and will be removed in future. Use `import pymupdf` instead.
(62.9, 292.7, '奕', 15.8)
(62.9, 308.5, '码', 15.8)
(70.7, 51.4, '大', 6.9)
(70.7, 58.3, '码', 6.9)
(70.7, 65.2, '乱', 6.9)
(70.7, 72.1, '序', 6.9)
(70.7, 79.0, '、', 6.9)
(70.7, 85.9, '小', 6.9)
(70.7, 92.7, '码', 6.9)
(70.7, 99.6, '音', 6.9)
(70.7, 106.5, '托', 6.9)
(70.7, 113.4, '的', 6.9)
(70.7, 120.3, '三', 6.9)
(70.7, 127.2, '码', 6.9)
(70.7, 134.1, '单', 6.9)
(70.7, 141.0, '字', 6.9)
(70.7, 147.9, '方', 6.9)
(70.7, 154.8, '案', 6.9)
(70.7, 516.0, '小', 6.9)
(70.7, 522.9, '泥', 6.9)
(70.7, 529.8, '巴', 6.9)
(70.7, 538.3, '·', 6.9)
(70.7, 545.2, 'v1.1.0', 6.9)
(93.7, 43.0, 'Q', 7.9)
(93.7, 97.2, 'W', 7.9)
(93.7, 151.4, 'E', 7.9)
(93.7, 205.6, 'R', 7.9)
(93.7, 259.7, 'T', 7.9)
(93.7, 313.9, 'Y', 7.9)
(93.7, 368.1, 'U', 7.9)
(93.7, 422.3, 'I', 7.9)
(93.7, 476.5, 'O', 7.9)
(93.7, 530.6, 'P', 7.9)
(105.5, 43.0, '贝', 5.9)
(105.5, 54.8, '丰', 5.9)
(105.5, 97.2, '㡀', 5.9)
(105.5, 109.0, '匕', 5.9)
(105.5, 151.4, '臣', 5.9)
(105.5, 171.1, '工', 5.9)
(105.5, 182.9, '一', 5.9)
(105.5, 205.6, '乍', 5.9)
(105.5, 217.4, '丁', 5.9)
(105.5, 229.2, '及', 5.9)
(105.5, 259.7, '八', 5.9)
(105.5, 287.3, '二', 5.9)
(105.5, 313.9, '册', 5.9)
(105.5, 368.1, '疒', 5.9)
(105.5, 379.9, '百', 5.9)
(105.5, 391.7, '寸', 5.9)
(105.5, 434.1, '长', 5.9)
(105.5, 476.5, '巴', 5.9)
(105.5, 488.3, '辶', 5.9)
(105.5, 500.1, '各', 5.9)
(105.5, 530.6, '车', 5.9)
(105.6, 337.6, '\ue066', 5.9)
(105.6, 422.3, '\ue8c6', 5.9)
(106.4, 48.9, 'b', 4.9)
(106.4, 72.6, 'f', 4.9)
(106.4, 103.1, 'b', 4.9)
(106.4, 130.7, 'b', 4.9)
(106.4, 165.2, 'c', 4.9)
(106.4, 177.0, 'g', 4.9)
(106.4, 188.8, 'i', 4.9)
(106.4, 211.5, 'a', 4.9)
(106.4, 223.3, 'd', 4.9)
(106.4, 235.1, 'j', 4.9)
(106.4, 281.4, 'b', 4.9)
(106.4, 293.2, 'e', 4.9)
(106.4, 331.6, 'c', 4.9)
(106.4, 343.5, 'c', 4.9)
(106.4, 374.0, 'b', 4.9)
(106.4, 385.8, 'b', 4.9)
(106.4, 397.6, 'c', 4.9)
(106.4, 428.2, 'a', 4.9)
(106.4, 451.8, 'c', 4.9)
(106.4, 482.4, 'b', 4.9)
(106.4, 494.2, 'd', 4.9)
(106.4, 506.0, 'g', 4.9)
(106.4, 544.4, 'c', 4.9)
(107.2, 60.7, '龶', 3.9)
(107.2, 265.6, '癶', 3.9)
(107.2, 319.8, '冊', 3.9)
(107.2, 440.0, '镸', 3.9)
(107.2, 443.9, '髟', 3.9)
(107.2, 447.9, '長', 3.9)
(107.2, 540.5, '車', 3.9)
(107.3, 64.7, '\ue064\ue003', 3.9)
(107.3, 114.9, '\ue011\ue44f\ue079\ue43f', 3.9)
(107.3, 157.3, '\ue0d5\ue11c', 3.9)
(107.3, 269.6, '\ue09b\ue446\ue450', 3.9)
(107.3, 323.8, '\ue055\ue44d', 3.9)
(107.3, 536.5, '\ue0c8', 3.9)
(114.4, 43.0, '戈', 5.9)
(114.4, 58.8, '弋', 5.9)
(114.4, 70.6, '亦', 5.9)
(114.4, 97.2, '厂', 5.9)
(114.4, 113.0, '乚', 5.9)
(114.4, 151.4, '见', 5.9)
(114.4, 163.2, '丂', 5.9)
(114.4, 175.0, '门', 5.9)
(114.4, 205.6, '令', 5.9)
(114.4, 221.3, '马', 5.9)
(114.4, 259.7, '甫', 5.9)
(114.4, 271.6, '金', 5.9)
(114.4, 291.3, '了', 5.9)
(114.4, 313.9, '方', 5.9)
(114.4, 325.7, '甘', 5.9)
(114.4, 368.1, '电', 5.9)
(114.4, 383.9, '鬲', 5.9)
(114.4, 395.7, '子', 5.9)
(114.4, 422.3, '采', 5.9)
(114.4, 438.0, '弓', 5.9)
(114.4, 449.9, '力', 5.9)
(114.4, 476.5, '其', 5.9)
(114.4, 488.3, '厶', 5.9)
(114.4, 508.0, '氵', 5.9)
(114.4, 530.6, '刀', 5.9)
(114.4, 562.2, '非', 5.9)
(115.2, 52.9, 'g', 4.9)
(115.2, 64.7, 'i', 4.9)
(115.2, 80.4, 'i', 4.9)
(115.2, 107.0, 'c', 4.9)
(115.2, 118.9, 'e', 4.9)
(115.2, 157.3, 'j', 4.9)
(115.2, 169.1, 'k', 4.9)
(115.2, 184.9, 'm', 4.9)
(115.2, 215.4, 'l', 4.9)
(115.2, 231.2, 'm', 4.9)
(115.2, 265.6, 'f', 4.9)
(115.2, 285.3, 'j', 4.9)
(115.2, 297.2, 'l', 4.9)
(115.2, 319.8, 'f', 4.9)
(115.2, 335.6, 'g', 4.9)
(115.2, 377.9, 'd', 4.9)
(115.2, 389.8, 'g', 4.9)
(115.2, 401.6, 'i', 4.9)
(115.2, 432.1, 'c', 4.9)
(115.2, 443.9, 'g', 4.9)
(115.2, 459.7, 'l', 4.9)
(115.2, 482.4, 'q', 4.9)
(115.2, 502.1, 's', 4.9)
(115.2, 513.9, 's', 4.9)
(115.2, 556.2, 'd', 4.9)
(115.2, 568.1, 'f', 4.9)
(116.1, 180.9, '門', 3.9)
(116.1, 211.5, '亽', 3.9)
(116.1, 227.2, '馬', 3.9)
(116.1, 277.5, '钅', 3.9)
(116.1, 428.2, '釆', 3.9)
(116.1, 494.2, '龴', 3.9)
(116.1, 544.4, '刂', 3.9)
(116.2, 48.9, '\ue03f', 3.9)
(116.2, 76.5, '\ue025', 3.9)
(116.2, 103.1, '\ue024', 3.9)
(116.2, 281.4, '\ue0cf', 3.9)
(116.2, 331.6, '\ue096', 3.9)
(116.2, 374.0, '\ue0ec', 3.9)
(116.2, 455.8, '\ue401', 3.9)
(116.2, 498.1, '\ue04d', 3.9)
(116.2, 536.5, '\ue427\ue089', 3.9)
(116.2, 548.4, '\ue044\ue001', 3.9)
(123.2, 43.0, '角', 5.9)
(123.2, 66.7, '吉', 5.9)
(123.2, 97.2, '禾', 5.9)
(123.2, 116.9, '乙', 5.9)
(123.2, 151.4, '毛', 5.9)
(123.2, 161.8, '山', 5.9)
(123.2, 175.0, '足', 5.9)
(123.2, 205.6, '内', 5.9)
(123.2, 225.3, '中', 5.9)
(123.2, 237.1, '双', 5.9)
(123.2, 259.7, '面', 5.9)
(123.2, 270.2, '气', 5.9)
(123.2, 287.3, '殳', 5.9)
(123.2, 313.9, '衣', 5.9)
(123.2, 368.1, '廿', 5.9)
(123.2, 383.9, '十', 5.9)
(123.2, 399.6, '石', 5.9)
(123.2, 422.3, '求', 5.9)
(123.2, 434.1, '上', 5.9)
(123.2, 445.9, '彡', 5.9)
(123.2, 476.5, '巳', 5.9)
(123.2, 488.3, '三', 5.9)
(123.2, 530.6, '更', 5.9)
(123.2, 542.5, '亥', 5.9)
(123.2, 554.3, '豸', 5.9)
(124.1, 60.7, 'j', 4.9)
(124.1, 76.5, 'j', 4.9)
(124.1, 111.0, 'h', 4.9)
(124.1, 122.8, 'i', 4.9)
(124.1, 157.3, 'm', 4.9)
(124.1, 169.1, 's', 4.9)
(124.1, 184.9, 'u', 4.9)
(124.1, 219.3, 'n', 4.9)
(124.1, 231.2, 'o', 4.9)
(124.1, 243.0, 's', 4.9)
(124.1, 265.6, 'm', 4.9)
(124.1, 281.4, 'q', 4.9)
(124.1, 293.2, 's', 4.9)
(124.1, 339.5, 'i', 4.9)
(124.1, 377.9, 'n', 4.9)
(124.1, 393.7, 's', 4.9)
(124.1, 405.5, 's', 4.9)
(124.1, 428.2, 'q', 4.9)
(124.1, 440.0, 's', 4.9)
(124.1, 455.8, 's', 4.9)
(124.1, 482.4, 's', 4.9)
(124.1, 494.2, 's', 4.9)
(124.1, 536.5, 'g', 4.9)
(124.1, 548.4, 'h', 4.9)
(124.1, 560.2, 'i', 4.9)
(125.0, 48.9, '\ue020\ue0bc\ue423', 3.9)
(125.0, 72.6, '\ue832', 3.9)
(125.0, 103.1, '\ue44b\ue40e', 3.9)
(125.0, 180.9, '\ue0c6', 3.9)
(125.0, 211.5, '\ue005', 3.9)
(125.0, 215.4, '禸', 3.9)
(125.0, 277.5, '\ue078', 3.9)
(125.0, 319.8, '\ue422\ue07e\ue0b7\ue80a', 3.9)
(125.0, 335.6, '衤', 3.9)
(125.0, 374.0, '龷', 3.9)
(125.0, 389.8, '\ue413', 3.9)
(125.0, 451.8, '\ue41e', 3.9)
(132.1, 70.6, '曼', 5.9)
(132.1, 97.2, '井', 5.9)
(132.1, 113.0, '食', 5.9)
(132.1, 151.4, '用', 5.9)
(132.1, 205.6, '豕', 5.9)
(132.1, 221.3, '隹', 5.9)
(132.1, 233.1, '雨', 5.9)
(132.1, 259.7, '云', 5.9)
(132.1, 275.5, '页', 5.9)
(132.1, 313.9, '臼', 5.9)
(132.1, 329.7, '卵', 5.9)
(132.1, 368.1, '西', 5.9)
(132.1, 387.8, '右', 5.9)
(132.1, 422.3, '水', 5.9)
(132.1, 476.5, '彐', 5.9)
(132.1, 504.0, '廴', 5.9)
(132.1, 530.6, '末', 5.9)
(132.1, 541.1, '犬', 5.9)
(132.1, 558.2, '束', 5.9)
(132.2, 43.0, '\ue04a', 5.9)
(132.2, 58.8, '\ue820', 5.9)
(133.0, 52.9, 'k', 4.9)
(133.0, 64.7, 'l', 4.9)
(133.0, 76.5, 'm', 4.9)
(133.0, 107.0, 'j', 4.9)
(133.0, 126.7, 's', 4.9)
(133.0, 161.2, 'y', 4.9)
(133.0, 215.4, 's', 4.9)
(133.0, 227.2, 'u', 4.9)
(133.0, 243.0, 'v', 4.9)
(133.0, 269.6, 'y', 4.9)
(133.0, 297.2, 'y', 4.9)
(133.0, 323.8, 'j', 4.9)
(133.0, 335.6, 'l', 4.9)
(133.0, 381.9, 'x', 4.9)
(133.0, 405.5, 'y', 4.9)
(133.0, 447.9, 's', 4.9)
(133.0, 498.1, 'w', 4.9)
(133.0, 510.0, 'y', 4.9)
(133.0, 536.5, 'm', 4.9)
(133.0, 552.3, 'q', 4.9)
(133.0, 564.1, 's', 4.9)
(133.8, 118.9, '饣', 3.9)
(133.8, 122.8, '飠', 3.9)
(133.8, 281.4, '頁', 3.9)
(133.8, 374.0, '覀襾', 3.9)
(133.8, 428.2, '氺', 3.9)
(133.8, 440.0, '乑', 3.9)
(133.8, 494.2, '彑', 3.9)
(133.8, 548.4, '犭', 3.9)
(133.9, 48.9, '\ue036', 3.9)
(133.9, 103.1, '\ue415', 3.9)
(133.9, 157.3, '\ue08c', 3.9)
(133.9, 211.5, '\ue420', 3.9)
(133.9, 239.0, '\ue0d0', 3.9)
(133.9, 265.6, '\ue00a', 3.9)
(133.9, 285.3, '\ue033\ue03d\ue105', 3.9)
(133.9, 319.8, '\ue421', 3.9)
(133.9, 393.7, '\ue068\ue02e\ue0fc', 3.9)
(133.9, 432.1, '\ue0d9\ue059', 3.9)
(133.9, 443.9, '\ue18e', 3.9)
(133.9, 482.4, '\ue432\ue431\ue0b4', 3.9)
(141.0, 97.2, '寺', 5.9)
(141.0, 205.6, '穴', 5.9)
(141.0, 217.4, '又', 5.9)
(141.0, 313.9, '卯', 5.9)
(141.0, 422.3, '戊', 5.9)
(141.0, 530.6, '亠', 5.9)
(141.0, 542.5, '壴', 5.9)
(141.0, 554.3, '亡', 5.9)
(141.8, 103.1, 's', 4.9)
(141.8, 211.5, 'x', 4.9)
(141.8, 227.2, 'y', 4.9)
(141.8, 331.6, 'm', 4.9)
(141.8, 436.1, 'u', 4.9)
(141.8, 536.5, 't', 4.9)
(141.8, 548.4, 'u', 4.9)
(141.8, 568.1, 'w', 4.9)
(142.7, 432.1, '戉', 3.9)
(142.7, 560.2, '亾', 3.9)
(142.7, 564.1, '兦', 3.9)
(142.8, 223.3, '\ue434', 3.9)
(142.8, 319.8, '\ue057\ue40c\ue8d9', 3.9)
(142.8, 428.2, '\ue0ad', 3.9)
(149.8, 313.9, '片', 5.9)
(149.8, 345.4, '曲', 5.9)
(149.8, 422.3, '羊', 5.9)
(149.8, 530.6, '未', 5.9)
(149.8, 542.5, '行', 5.9)
(150.7, 339.5, 'p', 4.9)
(150.7, 351.4, 'q', 4.9)
(150.7, 443.9, 'y', 4.9)
(150.7, 536.5, 'w', 4.9)
(150.7, 548.4, 'x', 4.9)
(151.6, 319.8, '\ue0e1', 3.9)
(151.6, 323.8, '丬', 3.9)
(151.6, 327.7, '爿', 3.9)
(151.6, 331.6, '\ue0e0\ue012', 3.9)
(151.6, 428.2, '\ue042\ue016\ue093\ue113', 3.9)
(158.7, 313.9, '鼠', 5.9)
(158.7, 422.3, '言', 5.9)
(159.6, 331.6, 's', 4.9)
(159.6, 436.1, 'y', 4.9)
(160.4, 327.7, '鼡', 3.9)
(160.4, 428.2, '讠', 3.9)
(160.4, 432.1, '訁', 3.9)
(160.5, 319.8, '\ue0e2\ue959', 3.9)
(167.6, 313.9, '纟', 5.9)
(167.6, 337.6, '乡', 5.9)
(168.4, 331.6, 's', 4.9)
(168.4, 343.5, 'x', 4.9)
(169.3, 319.8, '糸', 3.9)
(169.3, 327.7, '糹', 3.9)
(169.4, 323.8, '\ue023', 3.9)
(176.4, 329.7, '幺', 5.9)
(176.5, 313.9, '\ue916', 5.9)
(177.3, 323.8, 'y', 4.9)
(177.3, 335.6, 'y', 4.9)
(178.2, 319.8, '\ue045', 3.9)
(193.2, 70.1, 'A', 7.9)
(193.2, 124.3, 'S', 7.9)
(193.2, 178.5, 'D', 7.9)
(193.2, 232.6, 'F', 7.9)
(193.2, 286.8, 'G', 7.9)
(193.2, 341.0, 'H', 7.9)
(193.2, 395.2, 'J', 7.9)
(193.2, 449.4, 'K', 7.9)
(193.2, 503.5, 'L', 7.9)
(205.0, 70.1, '齿', 5.9)
(205.0, 81.9, '豆', 5.9)
(205.0, 93.7, '者', 5.9)
(205.0, 124.3, '丷', 5.9)
(205.0, 140.0, '黑', 5.9)
(205.0, 155.8, '句', 5.9)
(205.0, 178.5, '龸', 5.9)
(205.0, 232.6, '冫', 5.9)
(205.0, 252.3, '勹', 5.9)
(205.0, 302.6, '川', 5.9)
(205.0, 341.0, '卜', 5.9)
(205.0, 356.8, '而', 5.9)
(205.0, 395.2, '不', 5.9)
(205.0, 407.0, '屮', 5.9)
(205.0, 449.4, '彳', 5.9)
(205.0, 469.1, '大', 5.9)
(205.0, 503.5, '占', 5.9)
(205.0, 515.4, '宀', 5.9)
(205.0, 527.2, '斗', 5.9)
(205.1, 286.8, '\ue069', 5.9)
(205.9, 76.0, 'c', 4.9)
(205.9, 87.8, 'd', 4.9)
(205.9, 103.6, 'e', 4.9)
(205.9, 134.1, 'b', 4.9)
(205.9, 149.9, 'h', 4.9)
(205.9, 161.7, 'j', 4.9)
(205.9, 204.1, 'd', 4.9)
(205.9, 246.4, 'b', 4.9)
(205.9, 258.3, 'b', 4.9)
(205.9, 296.7, 'b', 4.9)
(205.9, 320.3, 'c', 4.9)
(205.9, 350.9, 'b', 4.9)
(205.9, 362.7, 'e', 4.9)
(205.9, 401.1, 'b', 4.9)
(205.9, 428.7, 'c', 4.9)
(205.9, 463.2, 'c', 4.9)
(205.9, 478.9, 'd', 4.9)
(205.9, 509.5, 'a', 4.9)
(205.9, 521.3, 'b', 4.9)
(205.9, 537.0, 'd', 4.9)
(206.7, 99.7, '耂', 3.9)
(206.7, 130.2, '䒑', 3.9)
(206.7, 146.0, '黒', 3.9)
(206.7, 308.5, '巛巜', 3.9)
(206.7, 416.9, '䶹', 3.9)
(206.7, 459.2, '亍', 3.9)
(206.7, 533.1, '鬥', 3.9)
(206.8, 184.4, '\ue815\ue03e\ue42d\ue448\ue046', 3.9)
(206.8, 238.6, '\ue088\ue00d', 3.9)
(206.8, 292.7, '\ue0ed', 3.9)
(206.8, 316.4, '\ue07f', 3.9)
(206.8, 346.9, '\ue018', 3.9)
(206.8, 412.9, '\ue092', 3.9)
(206.8, 420.8, '\ue04e\ue0fd', 3.9)
(206.8, 455.3, '\ue824', 3.9)
(206.8, 475.0, '\ue043', 3.9)
(213.9, 70.1, '瓜', 5.9)
(213.9, 81.9, '已', 5.9)
(213.9, 93.7, '己', 5.9)
(213.9, 140.0, '木', 5.9)
(213.9, 178.5, '骨', 5.9)
(213.9, 194.2, '吅', 5.9)
(213.9, 232.6, '耳', 5.9)
(213.9, 286.8, '合', 5.9)
(213.9, 302.6, '至', 5.9)
(213.9, 314.4, '甲', 5.9)
(213.9, 341.0, '疋', 5.9)
(213.9, 364.6, '乂', 5.9)
(213.9, 395.2, '止', 5.9)
(213.9, 414.9, '口', 5.9)
(213.9, 449.4, '儿', 5.9)
(213.9, 465.1, '干', 5.9)
(213.9, 503.5, '斤', 5.9)
(213.9, 519.3, '莫', 5.9)
(213.9, 529.8, '舟', 5.9)
(214.0, 124.3, '\ue028', 5.9)
(214.0, 248.4, '\ue032', 5.9)
(214.7, 76.0, 'g', 4.9)
(214.7, 87.8, 'i', 4.9)
(214.7, 99.7, 'j', 4.9)
(214.7, 134.1, 'k', 4.9)
(214.7, 153.8, 'm', 4.9)
(214.7, 188.3, 'g', 4.9)
(214.7, 212.0, 'h', 4.9)
(214.7, 242.5, 'e', 4.9)
(214.7, 266.1, 'k', 4.9)
(214.7, 296.7, 'h', 4.9)
(214.7, 308.5, 'i', 4.9)
(214.7, 320.3, 'j', 4.9)
(214.7, 358.7, 'f', 4.9)
(214.7, 378.4, 'i', 4.9)
(214.7, 409.0, 'i', 4.9)
(214.7, 420.8, 'k', 4.9)
(214.7, 459.2, 'e', 4.9)
(214.7, 471.0, 'g', 4.9)
(214.7, 513.4, 'j', 4.9)
(214.7, 525.2, 'm', 4.9)
(214.7, 537.0, 'o', 4.9)
(215.6, 146.0, '朩', 3.9)
(215.6, 184.4, '冎', 3.9)
(215.6, 200.1, '㠯', 3.9)
(215.6, 204.1, '回囙', 3.9)
(215.6, 238.6, '阝', 3.9)
(215.6, 292.7, '亼', 3.9)
(215.6, 354.8, '龰', 3.9)
(215.6, 370.6, '㐅', 3.9)
(215.6, 374.5, '乄', 3.9)
(215.7, 130.2, '\ue02d', 3.9)
(215.7, 149.9, '\ue04c', 3.9)
(215.7, 254.3, '\ue0a0\ue072\ue873', 3.9)
(215.7, 346.9, '\ue091\ue03a', 3.9)
(215.7, 401.1, '\ue437\ue451', 3.9)
(215.7, 455.3, '\ue424', 3.9)
(215.7, 509.5, '\ue400', 3.9)
(222.7, 70.1, '匚', 5.9)
(222.7, 93.7, '鹿', 5.9)
(222.7, 124.3, '音', 5.9)
(222.7, 178.5, '自', 5.9)
(222.7, 190.3, '米', 5.9)
(222.7, 204.7, '走', 5.9)
(222.7, 232.6, '六', 5.9)
(222.7, 244.5, '目', 5.9)
(222.7, 254.9, '牛', 5.9)
(222.7, 286.8, '冂', 5.9)
(222.7, 314.4, '囗', 5.9)
(222.7, 341.0, '手', 5.9)
(222.7, 449.4, '立', 5.9)
(222.7, 473.0, '且', 5.9)
(222.7, 503.5, '示', 5.9)
(222.7, 519.3, '兀', 5.9)
(222.7, 535.1, '玉', 5.9)
(223.6, 87.8, 'k', 4.9)
(223.6, 107.5, 'l', 4.9)
(223.6, 130.2, 'y', 4.9)
(223.6, 184.4, 'i', 4.9)
(223.6, 200.1, 'm', 4.9)
(223.6, 212.0, 'o', 4.9)
(223.6, 238.6, 'l', 4.9)
(223.6, 250.4, 'm', 4.9)
(223.6, 270.1, 'n', 4.9)
(223.6, 308.5, 'k', 4.9)
(223.6, 320.3, 'k', 4.9)
(223.6, 370.6, 's', 4.9)
(223.6, 467.1, 'l', 4.9)
(223.6, 482.9, 'q', 4.9)
(223.6, 513.4, 's', 4.9)
(223.6, 529.2, 'u', 4.9)
(223.6, 541.0, 'v', 4.9)
(224.5, 76.0, '\ue009\ue007', 3.9)
(224.5, 83.9, '匸', 3.9)
(224.5, 99.7, '\ue838\ue0dc', 3.9)
(224.5, 196.2, '\ue0d8', 3.9)
(224.5, 262.2, '\ue029', 3.9)
(224.5, 266.1, '牜', 3.9)
(224.5, 292.7, '\ue060\ue02a\ue439', 3.9)
(224.5, 304.6, '凵', 3.9)
(224.5, 346.9, '龵', 3.9)
(224.5, 350.9, '\ue075\ue05b\ue002\ue410', 3.9)
(224.5, 366.6, '扌', 3.9)
(224.5, 455.3, '\ue054\ue062\ue05e', 3.9)
(224.5, 478.9, '\ue419', 3.9)
(224.5, 509.5, '礻', 3.9)
(224.5, 525.2, '丌', 3.9)
(231.6, 70.1, '丿', 5.9)
(231.6, 81.9, '士', 5.9)
(231.6, 93.7, '土', 5.9)
(231.6, 178.5, '日', 5.9)
(231.6, 202.1, '申', 5.9)
(231.6, 232.6, '舌', 5.9)
(231.6, 248.4, '辛', 5.9)
(231.6, 286.8, '女', 5.9)
(231.6, 298.6, '身', 5.9)
(231.6, 310.5, '由', 5.9)
(231.6, 341.0, '韦', 5.9)
(231.6, 356.8, '小', 5.9)
(231.6, 449.4, '人', 5.9)
(231.6, 469.1, '竹', 5.9)
(231.6, 503.5, '夂', 5.9)
(232.4, 76.0, 'p', 4.9)
(232.4, 87.8, 's', 4.9)
(232.4, 103.6, 't', 4.9)
(232.4, 196.2, 'r', 4.9)
(232.4, 208.0, 's', 4.9)
(232.4, 242.5, 's', 4.9)
(232.4, 258.3, 'x', 4.9)
(232.4, 292.7, 'n', 4.9)
(232.4, 304.6, 's', 4.9)
(232.4, 320.3, 'y', 4.9)
(232.4, 350.9, 'w', 4.9)
(232.4, 378.4, 'x', 4.9)
(232.4, 463.2, 'r', 4.9)
(232.4, 482.9, 'u', 4.9)
(232.4, 521.3, 'x', 4.9)
(233.3, 188.3, '曰', 3.9)
(233.3, 346.9, '韋', 3.9)
(233.3, 459.2, '入', 3.9)
(233.3, 509.5, '夊', 3.9)
(233.3, 513.4, '攵', 3.9)
(233.4, 99.7, '\ue43a', 3.9)
(233.4, 184.4, '\ue00c', 3.9)
(233.4, 192.3, '\ue070', 3.9)
(233.4, 238.6, '\ue0c2', 3.9)
(233.4, 254.3, '\ue0c9', 3.9)
(233.4, 316.4, '\ue982', 3.9)
(233.4, 362.7, '\ue073\ue051\ue06c\ue442', 3.9)
(233.4, 455.3, '\ue43d', 3.9)
(233.4, 475.0, '\ue09e\ue014', 3.9)
(233.4, 517.3, '\ue034', 3.9)
(240.4, 70.1, '爪', 5.9)
(240.4, 85.9, '牙', 5.9)
(240.4, 178.5, '也', 5.9)
(240.4, 190.3, '尤', 5.9)
(241.3, 80.0, 'u', 4.9)
(241.3, 95.7, 'y', 4.9)
(241.3, 184.4, 'y', 4.9)
(241.3, 200.1, 'y', 4.9)
(242.2, 76.0, '爫', 3.9)
(242.2, 91.8, '㸦', 3.9)
(242.2, 196.2, '尢', 3.9)
(249.3, 70.1, '㐄', 5.9)
(250.2, 80.0, 'y', 4.9)
(251.1, 76.0, '\ue411', 3.9)
(292.7, 97.2, 'Z', 7.9)
(292.7, 151.4, 'X', 7.9)
(292.7, 205.6, 'C', 7.9)
(292.7, 259.7, 'V', 7.9)
(292.7, 313.9, 'B', 7.9)
(292.7, 368.1, 'N', 7.9)
(292.7, 422.3, 'M', 7.9)
(295.2, 477.9, '取', 5.9)
(295.2, 483.8, '码', 5.9)
(295.2, 489.7, '规', 5.9)
(295.2, 495.7, '则', 5.9)
(303.6, 477.9, '单', 5.9)
(303.6, 483.8, '字', 5.9)
(303.6, 489.7, '根', 5.9)
(303.6, 495.7, '字', 5.9)
(303.6, 501.6, '：', 5.9)
(303.6, 507.5, '字', 5.9)
(303.6, 513.4, '根', 5.9)
(303.6, 519.3, '+', 5.9)
(303.6, 525.2, '音', 5.9)
(303.6, 531.1, '托', 5.9)
(303.6, 537.0, '+', 5.9)
(303.6, 542.9, '音', 5.9)
(303.6, 548.9, '托', 5.9)
(304.5, 97.2, '辰', 5.9)
(304.5, 109.0, '丶', 5.9)
(304.5, 120.8, '革', 5.9)
(304.5, 151.4, '比', 5.9)
(304.5, 167.1, '歹', 5.9)
(304.5, 205.6, '冖', 5.9)
(304.5, 217.4, '虫', 5.9)
(304.5, 233.1, '谷', 5.9)
(304.5, 279.4, '圭', 5.9)
(304.5, 313.9, '艹', 5.9)
(304.5, 379.9, '白', 5.9)
(304.5, 391.7, '朿', 5.9)
(304.5, 422.3, '召', 5.9)
(304.5, 449.9, '夫', 5.9)
(304.6, 259.7, '\ue067', 5.9)
(304.6, 368.1, '\ue063', 5.9)
(304.6, 434.1, '\ue800', 5.9)
(305.3, 103.1, 'c', 4.9)
(305.3, 114.9, 'd', 4.9)
(305.3, 126.7, 'g', 4.9)
(305.3, 161.2, 'b', 4.9)
(305.3, 184.9, 'd', 4.9)
(305.3, 211.5, 'b', 4.9)
(305.3, 227.2, 'c', 4.9)
(305.3, 239.0, 'g', 4.9)
(305.3, 273.5, 'c', 4.9)
(305.3, 285.3, 'g', 4.9)
(305.3, 355.3, 'c', 4.9)
(305.3, 374.0, 'b', 4.9)
(305.3, 385.8, 'b', 4.9)
(305.3, 397.6, 'c', 4.9)
(305.3, 428.2, 'a', 4.9)
(305.3, 443.9, 'e', 4.9)
(305.3, 459.7, 'f', 4.9)
(306.2, 173.0, '歺', 3.9)
(306.2, 180.9, '攴', 3.9)
(306.2, 323.8, '廾', 3.9)
(306.2, 327.7, '卅卌卝', 3.9)
(306.2, 339.5, '丱', 3.9)
(306.2, 347.4, '卄', 3.9)
(306.2, 455.8, '龹', 3.9)
(306.3, 157.3, '\ue839', 3.9)
(306.3, 177.0, '\ue098', 3.9)
(306.3, 223.3, '\ue0c1', 3.9)
(306.3, 265.6, '\ue814\ue98a', 3.9)
(306.3, 319.8, '\ue050', 3.9)
(306.3, 343.5, '\ue112', 3.9)
(306.3, 351.4, '\ue44c', 3.9)
(306.3, 440.0, '\ue82f', 3.9)
(312.0, 477.9, '两', 5.9)
(312.0, 483.8, '字', 5.9)
(312.0, 489.7, '根', 5.9)
(312.0, 495.7, '字', 5.9)
(312.0, 501.6, '：', 5.9)
(312.0, 507.5, '首', 5.9)
(312.0, 513.4, '根', 5.9)
(312.0, 519.3, '+', 5.9)
(312.0, 525.2, '次', 5.9)
(312.0, 531.1, '根', 5.9)
(312.0, 537.0, '+', 5.9)
(312.0, 542.9, '音', 5.9)
(312.0, 548.9, '托', 5.9)
(313.3, 97.2, '户', 5.9)
(313.3, 120.8, '巾', 5.9)
(313.3, 151.4, '广', 5.9)
(313.3, 163.2, '古', 5.9)
(313.3, 175.0, '火', 5.9)
(313.3, 205.6, '高', 5.9)
(313.3, 259.7, '乃', 5.9)
(313.3, 275.5, '七', 5.9)
(313.3, 313.9, '旦', 5.9)
(313.3, 325.7, '正', 5.9)
(313.3, 337.6, '缶', 5.9)
(313.3, 379.9, '责', 5.9)
(313.3, 391.7, '毌', 5.9)
(313.3, 422.3, '艮', 5.9)
(313.3, 438.0, '九', 5.9)
(313.3, 449.9, '里', 5.9)
(313.5, 368.1, '\ue0e3', 5.9)
(314.2, 114.9, 'h', 4.9)
(314.2, 126.7, 'j', 4.9)
(314.2, 157.3, 'g', 4.9)
(314.2, 169.1, 'g', 4.9)
(314.2, 184.9, 'h', 4.9)
(314.2, 223.3, 'g', 4.9)
(314.2, 269.6, 'n', 4.9)
(314.2, 289.3, 'q', 4.9)
(314.2, 319.8, 'd', 4.9)
(314.2, 331.6, 'e', 4.9)
(314.2, 347.4, 'f', 4.9)
(314.2, 374.0, 'd', 4.9)
(314.2, 385.8, 'e', 4.9)
(314.2, 397.6, 'g', 4.9)
(314.2, 432.1, 'g', 4.9)
(314.2, 443.9, 'j', 4.9)
(314.2, 459.7, 'l', 4.9)
(315.1, 103.1, '戶', 3.9)
(315.1, 111.0, '戸', 3.9)
(315.1, 180.9, '灬', 3.9)
(315.1, 455.8, '圼', 3.9)
(315.2, 107.0, '\ue10e', 3.9)
(315.2, 211.5, '\ue0ac\ue006\ue804', 3.9)
(315.2, 265.6, '\ue05d', 3.9)
(315.2, 281.4, '\ue416\ue417', 3.9)
(315.2, 343.5, '\ue021', 3.9)
(315.2, 428.2, '\ue01c', 3.9)
(320.3, 477.9, '多', 5.9)
(320.3, 483.8, '字', 5.9)
(320.3, 489.7, '根', 5.9)
(320.3, 495.7, '字', 5.9)
(320.3, 501.6, '：', 5.9)
(320.3, 507.5, '首', 5.9)
(320.3, 513.4, '根', 5.9)
(320.3, 519.3, '+', 5.9)
(320.3, 525.2, '次', 5.9)
(320.3, 531.1, '根', 5.9)
(320.3, 537.0, '+', 5.9)
(320.3, 542.9, '末', 5.9)
(320.3, 548.9, '根', 5.9)
(322.2, 97.2, '龙', 5.9)
(322.2, 109.0, '鸟', 5.9)
(322.2, 151.4, '虍', 5.9)
(322.2, 163.2, '景', 5.9)
(322.2, 175.0, '可', 5.9)
(322.2, 205.6, '卩', 5.9)
(322.2, 229.2, '开', 5.9)
(322.2, 259.7, '矢', 5.9)
(322.2, 271.6, '五', 5.9)
(322.2, 313.9, '之', 5.9)
(322.2, 325.7, '几', 5.9)
(322.2, 341.5, '民', 5.9)
(322.2, 368.1, '直', 5.9)
(322.2, 379.9, '母', 5.9)
(322.2, 390.4, '欠', 5.9)
(322.2, 422.3, '亻', 5.9)
(322.2, 438.0, '天', 5.9)
(322.2, 453.8, '瓦', 5.9)
(323.1, 103.1, 'l', 4.9)
(323.1, 130.7, 'n', 4.9)
(323.1, 157.3, 'h', 4.9)
(323.1, 169.1, 'j', 4.9)
(323.1, 180.9, 'k', 4.9)
(323.1, 223.3, 'j', 4.9)
(323.1, 235.1, 'k', 4.9)
(323.1, 265.6, 's', 4.9)
(323.1, 277.5, 'u', 4.9)
(323.1, 319.8, 'i', 4.9)
(323.1, 335.6, 'j', 4.9)
(323.1, 347.4, 'm', 4.9)
(323.1, 374.0, 'i', 4.9)
(323.1, 385.8, 'm', 4.9)
(323.1, 397.6, 'q', 4.9)
(323.1, 432.1, 'r', 4.9)
(323.1, 447.9, 't', 4.9)
(323.1, 459.7, 'w', 4.9)
(323.9, 122.8, '鳥', 3.9)
(323.9, 211.5, '㔾', 3.9)
(323.9, 219.3, '丩', 3.9)
(323.9, 443.9, '夭', 3.9)
(324.0, 114.9, '\ue0d7\ue0da', 3.9)
(324.0, 126.7, '\ue159', 3.9)
(324.0, 215.4, '\ue0b2', 3.9)
(324.0, 331.6, '\ue0d6', 3.9)
(324.0, 428.2, '\ue80e', 3.9)
(331.1, 97.2, '皮', 5.9)
(331.1, 109.0, '酋', 5.9)
(331.1, 120.8, '乌', 5.9)
(331.1, 151.4, '千', 5.9)
(331.1, 205.6, '林', 5.9)
(331.1, 217.4, '皿', 5.9)
(331.1, 227.8, '矛', 5.9)
(331.1, 259.7, '王', 5.9)
(331.1, 313.9, '田', 5.9)
(331.1, 368.1, '生', 5.9)
(331.1, 379.9, '尸', 5.9)
(331.1, 399.6, '毋', 5.9)
(331.9, 103.1, 'p', 4.9)
(331.9, 114.9, 'q', 4.9)
(331.9, 126.7, 'u', 4.9)
(331.9, 161.2, 'q', 4.9)
(331.9, 211.5, 'l', 4.9)
(331.9, 223.3, 'm', 4.9)
(331.9, 235.1, 'm', 4.9)
(331.9, 277.5, 'w', 4.9)
(331.9, 319.8, 't', 4.9)
(331.9, 374.0, 's', 4.9)
(331.9, 393.7, 's', 4.9)
(331.9, 405.5, 'u', 4.9)
(332.8, 269.6, '壬', 3.9)
(332.8, 273.5, '⺩', 3.9)
(332.9, 157.3, '\ue11e', 3.9)
(332.9, 265.6, '\ue102', 3.9)
(332.9, 385.8, '\ue031\ue06b', 3.9)
(339.9, 97.2, '鱼', 5.9)
(339.9, 113.0, '象', 5.9)
(339.9, 128.7, '酉', 5.9)
(339.9, 151.4, '聿', 5.9)
(339.9, 205.6, '丨', 5.9)
(339.9, 217.4, '四', 5.9)
(339.9, 259.7, '月', 5.9)
(339.9, 368.1, '羽', 5.9)
(339.9, 379.9, '习', 5.9)
(339.9, 391.7, '心', 5.9)
(340.8, 107.0, 'v', 4.9)
(340.8, 122.8, 'x', 4.9)
(340.8, 134.6, 'y', 4.9)
(340.8, 180.9, 'v', 4.9)
(340.8, 211.5, 's', 4.9)
(340.8, 227.2, 's', 4.9)
(340.8, 285.3, 'y', 4.9)
(340.8, 374.0, 'v', 4.9)
(340.8, 385.8, 'x', 4.9)
(340.8, 405.5, 'x', 4.9)
(341.7, 103.1, '魚', 3.9)
(341.7, 118.9, '\ue010', 3.9)
(341.7, 157.3, '肀', 3.9)
(341.7, 161.2, '\ue0f1\ue06d\ue06e\ue114\ue035', 3.9)
(341.7, 223.3, '罒', 3.9)
(341.7, 265.6, '\ue0d2\ue083\ue988', 3.9)
(341.7, 277.5, '冃', 3.9)
(341.7, 281.4, '\ue10b', 3.9)
(341.7, 397.6, '忄', 3.9)
(341.7, 401.6, '\ue121', 3.9)
(348.8, 151.4, '夕', 5.9)
(348.8, 205.6, '无', 5.9)
(348.8, 229.2, '予', 5.9)
(348.8, 368.1, '业', 5.9)
(349.7, 157.3, 'x', 4.9)
(349.7, 223.3, 'u', 4.9)
(349.7, 235.1, 'v', 4.9)
(349.7, 393.7, 'y', 4.9)
(350.5, 211.5, '無', 3.9)
(350.5, 215.4, '旡', 3.9)
(350.5, 219.3, '兂', 3.9)
(350.6, 374.0, '\ue42f\ue42e\ue120\ue408\ue430', 3.9)
(357.7, 205.6, '文', 5.9)
(358.5, 211.5, 'w', 4.9)
